WGS84 UTM 33N
610372.3014912326 5848612.150939642 70.8 149.0 1620.0 img_4881.jpg
610372.3014912326 5848612.150939642 70.8 1607.0 1061.0 img_4858.jpg
610372.3014912326 5848612.150939642 70.8 1218.0 1115.0 img_4854.jpg
610411.5171554807 5848574.272150792 70.0 239.0 1134.0 img_4881.jpg
610411.5171554807 5848574.272150792 70.0 1270.0 1592.0 img_4885.jpg
610411.5171554807 5848574.272150792 70.0 1194.0 775.0 img_4854.jpg
610365.4573374299 5848488.807116519 70.0 867.0 1092.0 img_4928.jpg
610365.4573374299 5848488.807116519 70.5 1048.0 1022.0 img_4881.jpg
610365.4573374299 5848488.807116519 70.5 1016.0 645.0 img_4910.jpg
610354.9635305981 5848314.26639794 70.0 1904.0 466.0 img_4881.jpg
610354.9635305981 5848314.26639794 70.0 1644.0 766.0 img_4953.jpg
610354.9635305981 5848314.26639794 70.0 1821.0 651.0 img_4871.jpg
610490.8468857019 5848580.04568271 68.35 1731.0 815.0 img_4961.jpg
610490.8468857019 5848580.04568271 68.35 574.0 1020.0 img_4885.jpg
610490.8468857019 5848580.04568271 68.35 748.0 522.0 img_4853.jpg
610318.3993942104 5848422.157330394 76.5 1371.0 929.0 img_4871.jpg
610318.3993942104 5848422.157330394 76.5 1772.0 1394.0 img_4940.jpg
610318.3993942104 5848422.157330394 76.5 2026.0 1432.0 img_4967.jpg
